10000 40 30

8808 8519 -2412.0
6663 2133 -1700.8
9139 3087 477.6
4840 1062 9648.7
6163 1992 -1359.5
764 555 -9889.9
806 2422 -9243.7
2412 9460 -7117.1
9584 2234 -6836.8
9432 4996 2449.8
9644 4525 -6078.5
7136 2842 -6325.5
6976 3750 528.2
1847 9011 -7952.0
7150 5325 7834.1
4837 7636 -8181.6
1651 4551 9012.7
658 9564 3580.0
5741 5454 -9646.6
7366 1564 339.1
8228 7542 7476.7
3801 6996 -9030.0
5061 1931 2942.7
3956 7399 -2031.1
7631 3590 -6173.4
5594 389 938.8
7782 3470 -2658.0
7430 8019 -6711.2
5975 1391 -5687.7
464 3705 4562.0
4099 8871 6450.4
6141 5401 -3517.9
4756 2021 9307.9
3193 1857 -9036.6
9953 3711 4499.9
4783 5470 -567.1
7820 8337 7505.9
1517 1113 823.7
5997 8846 321.9
8202 3552 789.0

9243 1954 878.4
6595 2206 689.1
5469 9180 4667.3
8269 377 7753.9
4499 5994 1498.1
928 5744 5110.8
7363 4459 9048.9
7541 7289 -157.0
9980 7000 2203.2
1521 9817 8850.6
1685 7991 -7526.9
7102 7519 6669.7
6744 7802 -5322.8
3544 7390 -9373.2
1322 9412 3990.1
3354 1432 7965.9
7856 7529 9014.5
9673 2601 1432.0
7473 4752 -4357.9
7722 664 -8618.3
3159 9800 -8833.8
6181 8488 1088.0
4891 9856 1773.2
9070 4642 -5007.2
5158 4065 -8588.1
5416 5092 6570.7
9018 894 -1419.2
4991 3386 5628.5
7706 3581 5454.7
7400 3968 3364.9
