1000 200 200

813 486 -9180.0
874 882 4939.2
924 897 -112.8
454 311 3699.7
71 829 2155.1
25 105 -5922.7
695 226 -1182.2
323 750 6290.7
702 131 5921.1
709 622 -9791.4
320 680 8502.4
256 358 1187.1
407 298 -607.3
986 578 7546.6
823 221 -3703.5
217 990 1955.2
13 911 -1681.3
770 220 8518.3
865 951 788.8
329 92 4539.6
382 485 5784.0
706 988 -5713.1
595 778 -8230.6
760 676 5189.4
1 206 -2590.4
2 341 -5897.8
245 47 -2275.5
672 773 7078.2
160 689 1494.1
816 779 -6278.3
629 696 5874.9
870 614 9785.1
183 265 3265.0
515 370 9730.1
113 483 -500.6
158 219 -6576.7
606 70 2233.1
554 279 1879.5
757 744 91.5
778 553 -8.7
888 823 4914.7
984 10 9558.3
621 261 864.9
467 273 -1597.9
374 792 296.7
805 21 6080.5
213 408 9292.9
757 341 -2780.5
572 761 4345.3
954 725 -1169.5
687 469 -9169.0
379 87 9753.0
29 174 7619.3
439 992 8323.1
329 638 2560.0
394 354 7801.9
226 780 6380.8
516 351 2829.9
833 658 6820.2
747 320 6906.0
577 997 -2451.2
308 94 -2899.7
673 727 -1840.1
358 538 692.2
686 197 -4115.8
545 963 -1781.2
468 514 -5910.7
12 548 -848.2
814 425 9479.2
281 121 772.3
958 214 -7850.7
462 285 -3737.6
833 37 -9357.9
939 50 398.3
1 945 3364.0
549 689 -3687.1
42 313 -4919.2
9 82 1909.1
724 313 6981.9
519 387 -6033.9
936 704 -9880.6
711 37 -1825.1
945 33 9533.5
451 795 -9341.4
897 482 4107.6
765 651 -9058.0
508 630 6632.5
336 40 -384.3
993 450 811.7
68 167 -2246.3
86 957 -9259.9
910 857 -2937.4
328 458 -2220.3
5 212 2288.2
314 777 -7725.4
311 625 6051.7
633 254 -9685.3
800 203 -8412.7
988 595 4330.0
976 936 7611.2
514 529 5535.0
232 229 3864.0
899 321 4693.6
251 398 -7924.0
499 1 3220.2
526 947 -7194.3
434 858 3072.4
44 980 -1506.5
88 158 -6778.0
24 196 -3332.1
670 344 -9331.8
503 716 5609.7
191 395 -3372.6
885 793 1810.2
162 397 3915.8
785 758 -9781.5
719 125 -7113.5
647 389 3702.1
283 79 3402.6
227 181 -9462.7
65 768 -860.1
296 21 -9722.9
100 65 4205.7
49 934 6776.3
362 619 -7582.1
299 336 7906.4
971 704 -6246.5
336 920 -2722.6
661 968 4110.7
561 818 -1809.8
287 922 997.7
107 504 3224.0
80 528 -1343.5
596 400 8462.3
658 631 -8891.7
494 816 1526.5
357 806 -6804.4
982 729 8415.3
112 338 9293.8
373 58 8413.0
587 606 -8691.7
578 931 1213.4
280 749 -5329.4
505 309 -8607.2
21 753 4975.9
217 412 -8198.3
31 40 1718.1
827 9 -6417.7
191 469 6685.7
738 10 -5391.4
16 878 2013.6
823 185 -350.9
580 567 4964.1
345 913 3447.9
837 672 7729.2
779 568 2573.6
33 840 -636.4
773 227 9985.0
406 996 -9868.2
629 270 7672.7
281 251 -2004.0
92 334 -2752.7
917 312 60.8
652 884 -4118.6
807 43 6038.5
766 131 2322.2
939 735 -3647.1
276 96 -7023.1
553 720 -6841.3
752 704 -4961.6
583 271 -598.4
472 159 -362.2
95 511 8808.8
173 969 3065.1
502 708 -3787.1
517 502 -4945.4
983 297 -2136.0
720 820 1442.4
937 725 9503.3
586 598 -4051.9
860 954 6962.6
427 294 8863.7
728 782 5216.0
885 192 -5043.1
876 445 -9553.7
290 533 -309.1
704 759 -6884.5
414 543 -563.7
536 226 -3810.2
443 329 1196.4
310 887 -6318.5
653 45 -9903.3
447 582 7208.2
458 427 4203.0
914 841 -4707.2
686 937 6099.5
91 288 3648.9
46 415 8021.3
932 929 -1570.4
983 123 -1207.5

144 62 568.8
619 599 -2181.6
442 266 -184.4
886 590 -8192.0
228 777 525.8
121 485 833.5
538 20 -6888.0
175 498 -3245.4
715 465 3743.6
86 682 9982.4
830 411 -5949.4
353 793 -3307.5
556 153 709.7
727 315 1153.1
652 205 5863.8
552 508 -8452.2
285 968 -9695.3
987 664 7399.9
517 683 -8020.8
530 169 4495.6
778 61 6149.3
301 531 -8641.8
305 633 3445.9
696 149 4462.5
461 585 4712.6
409 588 9231.7
374 552 -8697.3
412 556 -7370.7
942 203 5249.9
348 687 -1892.8
131 301 2038.7
671 622 -3820.5
821 220 -6287.9
956 173 -4970.2
705 320 -6729.2
291 137 2648.3
333 567 -8048.8
534 445 4894.3
722 953 -4280.3
318 199 6424.6
783 494 2916.6
397 637 -7227.3
481 835 7377.7
934 238 9587.7
505 767 9811.2
409 213 182.9
468 409 -3919.6
23 934 -524.6
929 983 6663.7
290 345 518.4
686 363 213.7
31 914 -2771.4
378 597 -4616.2
545 624 8530.6
793 674 -142.2
269 153 5046.7
504 791 3164.0
623 436 2470.1
354 689 -4249.2
683 883 1664.9
101 604 -5894.3
817 457 -6173.7
173 255 -2255.3
762 716 8510.2
305 426 -8311.3
693 941 -6726.7
139 371 -3832.3
418 463 -7032.8
523 511 -8006.1
210 258 -9482.9
811 315 -1390.0
223 786 3904.3
467 188 -1604.5
864 116 2866.2
749 795 2830.0
527 763 1887.6
248 422 5915.6
555 866 3480.3
110 728 2355.2
896 625 5918.5
251 82 2238.7
241 333 1943.7
407 95 8736.8
15 476 9961.5
378 698 2020.2
436 404 -5765.7
163 239 -5062.0
782 783 -7863.2
693 495 -8152.5
422 12 8306.2
715 378 -8730.5
578 903 -1557.8
200 151 -1820.9
208 587 -4182.9
238 659 -4071.8
736 414 -4956.1
28 739 3490.4
334 518 7760.2
826 301 4567.4
677 935 2476.3
765 467 9164.0
356 950 3575.3
478 651 -3860.9
602 851 -4273.3
762 436 9139.3
996 231 -5267.3
13 297 -6697.6
716 251 -6490.8
35 902 1691.5
750 256 -8699.6
914 446 -7240.6
266 810 -1020.5
893 486 -1979.7
395 125 8621.7
874 520 -4240.5
818 130 1571.6
792 558 -1376.8
98 981 6001.8
343 458 -6589.1
818 740 -218.7
91 600 2487.3
239 54 1372.3
968 772 -9181.4
364 312 -6809.2
128 721 -2403.6
252 494 -2121.3
935 426 2847.0
216 941 -7063.3
835 55 -8195.6
925 30 7577.2
638 796 -401.1
236 879 -2942.9
294 536 7296.8
11 487 4872.9
479 544 9613.5
85 124 8436.6
214 216 2076.4
242 216 6720.8
801 295 4306.3
693 280 -9298.2
515 597 -4162.4
567 369 -1951.4
984 106 1458.0
393 267 -7122.0
358 194 230.5
3 572 -9541.5
333 345 -4436.7
220 97 1694.1
912 578 -9474.5
547 688 115.4
378 508 5539.6
409 142 1231.9
442 861 1258.7
227 56 2482.5
982 614 -1457.9
324 279 -6867.1
807 102 6955.6
527 272 -7508.4
377 225 5133.0
782 84 6174.4
871 889 -2578.0
926 405 5225.5
85 554 -5112.0
820 712 7143.4
441 168 -7728.7
930 553 444.7
491 341 -3853.8
995 470 6806.0
661 686 -713.9
695 636 -9401.6
568 996 3790.8
971 323 -1531.8
54 969 8054.1
967 164 1913.8
756 51 -7013.0
521 342 -9014.6
50 152 -2852.1
335 334 2976.4
580 967 1798.3
34 855 3410.6
433 558 -3713.1
196 543 -8519.9
343 716 1871.9
190 330 -2514.9
684 311 -3201.0
305 359 3541.1
289 183 -1479.9
295 142 -4547.6
375 710 3531.3
372 239 8049.7
845 92 2787.6
153 428 3128.2
724 985 1148.3
369 308 67.6
555 954 -3249.3
789 31 -6911.8
513 848 7599.0
539 620 -9929.0
619 544 5991.8
3 836 -7660.0
