20 50 40

18 11 -334.1
9 4 -1331.4
5 3 -9731.7
19 1 2848.7
7 16 -3544.5
13 17 9768.6
5 20 4706.0
3 9 -7044.9
17 20 3194.6
12 11 3548.5
20 18 2112.4
12 8 -2840.7
14 9 9142.2
15 2 -7389.8
4 8 2116.6
10 4 -9090.5
20 16 -6639.6
19 8 4750.6
12 10 4934.7
5 13 -3487.3
7 4 3252.7
17 5 -9011.6
11 16 -3048.2
20 17 -1453.4
4 12 -815.1
19 7 -1429.9
11 2 -5704.5
10 15 -8204.6
7 10 5485.6
16 17 -3214.9
12 1 -5040.3
9 16 4347.5
20 7 -3490.5
16 16 -9176.0
19 16 36.2
10 3 8128.7
9 20 3768.4
11 10 -8284.5
10 9 8080.1
7 20 7494.4
18 6 -5813.5
15 6 8410.6
8 1 2195.8
9 5 6744.1
4 14 -8592.6
4 5 -6018.9
19 15 325.2
18 12 8941.3
3 3 -7433.3
13 15 8622.2

11 13 2285.5
9 7 -4702.6
14 9 2346.3
10 2 -1821.5
3 14 3717.5
13 3 -9078.3
14 2 8936.5
1 6 -7607.6
20 15 9038.8
20 2 2141.8
18 2 -7953.6
17 20 -6863.8
10 12 -7499.9
9 8 2218.0
19 15 -8201.1
16 7 7374.4
4 20 -4788.1
13 9 -3934.8
10 17 -3793.7
8 6 -605.6
13 8 9314.0
8 2 8989.5
4 8 7726.8
5 4 3948.1
8 17 7789.1
18 13 3324.5
19 12 -7007.8
5 11 -6087.6
6 6 -3442.1
10 7 2671.7
18 12 -314.5
18 6 -390.0
6 8 6019.1
5 6 650.6
6 17 -6543.7
2 2 9792.3
19 5 -1692.8
4 9 -5056.4
4 16 4544.1
9 9 3894.5
