A has 15 non-zero entries:
1: (1, 8596.3) (4, 5830.3)
2: (4, -6315.9)
3: (1, -3013.9)
4: (5, -9229.6) (7, -2402.8)
5: (1, -1114.8) (7, -9982.4)
6: (4, 5568.6) (5, -3604.1) (7, 8095.4)
7: (9, -644.5)
8: (7, 1820.5) (8, -4961.3) (9, 9063.2)

B has 12 non-zero entries:
1: (2, 835.0)
2: (10, -872.5)
3: (5, -5437.9) (8, 9269.1)
4: (8, 6786.0)
5: (2, 816.8)
6: (3, 848.7)
7: (1, -8517.1) (3, 2903.1)
8: (9, 3664.7)
9: (10, -2108.5)
10: (4, 9159.8)

(1.5)*A =
1: (1, 12894.449999999999) (4, 8745.45)
2: (4, -9473.849999999999)
3: (1, -4520.85)
4: (5, -13844.400000000001) (7, -3604.2000000000003)
5: (1, -1672.1999999999998) (7, -14973.599999999999)
6: (4, 8352.900000000001) (5, -5406.15) (7, 12143.099999999999)
7: (9, -966.75)
8: (7, 2730.75) (8, -7441.950000000001) (9, 13594.800000000001)

A+B =
1: (1, 8596.3) (2, 835.0) (4, 5830.3)
2: (4, -6315.9) (10, -872.5)
3: (1, -3013.9) (5, -5437.9) (8, 9269.1)
4: (5, -9229.6) (7, -2402.8) (8, 6786.0)
5: (1, -1114.8) (2, 816.8) (7, -9982.4)
6: (3, 848.7) (4, 5568.6) (5, -3604.1) (7, 8095.4)
7: (1, -8517.1) (3, 2903.1) (9, -644.5)
8: (7, 1820.5) (8, -4961.3) (9, 12727.900000000001)
9: (10, -2108.5)
10: (4, 9159.8)

A+A =
1: (1, 17192.6) (4, 11660.6)
2: (4, -12631.8)
3: (1, -6027.8)
4: (5, -18459.2) (7, -4805.6)
5: (1, -2229.6) (7, -19964.8)
6: (4, 11137.2) (5, -7208.2) (7, 16190.8)
7: (9, -1289.0)
8: (7, 3641.0) (8, -9922.6) (9, 18126.4)

B-A =
1: (1, -8596.3) (2, 835.0) (4, -5830.3)
2: (4, 6315.9) (10, -872.5)
3: (1, 3013.9) (5, -5437.9) (8, 9269.1)
4: (5, 9229.6) (7, 2402.8) (8, 6786.0)
5: (1, 1114.8) (2, 816.8) (7, 9982.4)
6: (3, 848.7) (4, -5568.6) (5, 3604.1) (7, -8095.4)
7: (1, -8517.1) (3, 2903.1) (9, 644.5)
8: (7, -1820.5) (8, 4961.3) (9, -5398.500000000001)
9: (10, -2108.5)
10: (4, 9159.8)

A-A =

Transpose(A) =
1: (1, 8596.3) (3, -3013.9) (5, -1114.8)
4: (1, 5830.3) (2, -6315.9) (6, 5568.6)
5: (4, -9229.6) (6, -3604.1)
7: (4, -2402.8) (5, -9982.4) (6, 8095.4) (8, 1820.5)
8: (8, -4961.3)
9: (7, -644.5) (8, 9063.2)

A*B =
1: (2, 7177910.499999999) (8, 3.9564415800000004E7)
2: (8, -4.28596974E7)
3: (2, -2516606.5)
4: (1, 2.0464887880000003E7) (2, -7538737.28) (3, -6975568.680000001)
5: (1, 8.502109904E7) (2, -930858.0) (3, -2.8979905439999998E7)
6: (1, -6.894933134E7) (2, -2943828.88) (3, 2.350175574E7) (8, 3.77885196E7)
7: (10, 1358928.25)
8: (1, -1.550538055E7) (3, 5285093.55) (9, -1.818167611E7) (10, -1.9109757200000003E7)

B*B =
1: (10, -728537.5)
2: (4, -7991925.499999999)
3: (2, -4441676.72) (9, 3.396847077E7)
4: (9, 2.48686542E7)
5: (10, -712658.0)
6: (5, -4615145.7299999995) (8, 7866685.170000001)
7: (2, -7111778.5) (5, -1.5786767489999998E7) (8, 2.690912421E7)
8: (10, -7727019.949999999)
9: (4, -1.9313438299999997E7)
10: (8, 6.21584028E7)

