100
77 86
20 18
4 44
16 13
64 73
21 41
82 100
100 65
74 92
60 96
97 90
64 89
99 64
7 23
3 53
17 66
76 67
21 68
78 93
50 31
63 94
50 45
23 20
65 72
3 4
87 24
25 33
44 5
37 87
87 18
65 31
31 1
84 3
80 16
64 52
84 56
56 86
83 49
72 67
90 8
22 96
51 73
71 62
36 62
92 43
19 34
84 17
75 91
35 82
29 33
25 23
65 89
92 58
31 22
71 33
34 10
30 24
27 44
26 8
99 56
25 40
47 12
69 84
2 11
43 59
99 23
34 1
3 39
42 43
87 6
50 55
83 92
62 53
90 15
69 31
45 24
34 45
8 45
8 21
98 36
50 19
21 71
82 1
77 65
55 15
73 28
85 5
37 49
96 3
37 84
90 81
94 98
90 73
98 97
89 34
80 66
70 30
26 2
20 59
5 66
74 22
80 76
62 32
62 61
50 16
52 73
69 4
97 81
46 90
30 11
94 25
83 64
65 62
12 39
28 50
30 84
72 68
38 52
43 65
60 81
8 4
82 34
55 10
44 41
57 61
0 0
57 29
44 77
90 81
10 99
34 20
18 33
69 83
22 43
88 76
80 80
82 85
85 41
12 77
84 63
82 34
4 57
70 19
12 24
55 25
38 86
4 37
50 90
54 89
75 36
72 76
88 65
88 13
26 32
77 5
9 48
31 51
54 94
93 84
82 76
7 77
78 38
18 30
23 79
21 74
69 94
66 48
89 81
98 81
97 43
97 85
93 64
12 81
91 98
49 43
3 88
29 86
49 56
15 95
62 92
35 7
30 72
70 41
46 32
83 22
86 96
68 19
71 83
61 8
76 45
86 3
46 33
89 85
47 83
28 60
99 67
93 45
73 26
60 2
32 49
74 43
63 9
73 40
11 18
9 66
9 18
8 6
41 99
92 83
23 26
59 46
42 59
64 22
96 98
25 21
34 76
64 88
12 84
28 88
26 26
90 34
72 15
22 82
11 98
68 57
80 90
0 0
