100
1 8
1 9
1 14
1 16
1 22
1 23
1 27
1 29
1 30
1 38
1 41
1 42
1 47
1 50
1 71
1 72
1 75
1 76
1 93
1 97
2 4
2 8
2 11
2 21
2 23
2 25
2 33
2 37
2 38
2 55
2 57
2 61
2 69
2 72
2 76
2 85
2 93
2 94
2 95
3 8
3 12
3 14
3 16
3 20
3 26
3 27
3 34
3 40
3 44
3 46
3 50
3 51
3 53
3 54
3 56
3 61
3 66
3 71
3 77
3 79
3 83
3 88
3 94
4 14
4 15
4 16
4 17
4 20
4 25
4 32
4 42
4 46
4 52
4 54
4 55
4 61
4 70
4 71
4 82
4 89
4 96
5 9
5 10
5 17
5 18
5 21
5 23
5 26
5 34
5 37
5 42
5 44
5 47
5 49
5 60
5 62
5 72
5 76
5 79
5 87
5 93
5 94
5 99
6 7
6 10
6 19
6 27
6 30
6 33
6 36
6 37
6 39
6 43
6 51
6 64
6 75
6 78
6 80
6 81
7 8
7 9
7 12
7 20
7 26
7 32
7 34
7 37
7 41
7 43
7 47
7 61
7 66
7 68
7 74
7 80
7 82
7 88
7 92
7 100
8 10
8 13
8 26
8 28
8 30
8 42
8 43
8 55
8 59
8 61
8 64
8 66
8 68
8 72
8 73
8 74
8 76
8 80
8 83
8 88
8 92
8 94
8 97
8 98
9 14
9 17
9 21
9 22
9 30
9 38
9 43
9 46
9 48
9 49
9 66
9 67
9 68
9 75
9 80
9 98
9 100
10 11
10 12
10 21
10 24
10 26
10 35
10 36
10 37
10 47
10 49
10 51
10 54
10 61
10 70
10 73
10 74
10 77
10 83
10 86
10 88
10 94
11 22
11 35
11 37
11 43
11 52
11 53
11 61
11 66
11 68
11 69
11 83
11 84
11 89
11 91
11 99
12 18
12 19
12 21
12 23
12 25
12 26
12 32
12 33
12 34
12 37
12 42
12 49
12 52
12 56
12 63
12 69
12 70
12 72
12 93
12 96
13 17
13 21
13 22
13 25
13 38
13 43
13 44
13 52
13 56
13 58
13 61
13 64
13 70
13 73
13 74
13 87
13 88
13 95
13 96
13 97
14 19
14 21
14 30
14 33
14 34
14 36
14 46
14 49
14 51
14 55
14 57
14 60
14 63
14 68
14 70
14 76
14 77
14 84
14 91
14 92
14 94
15 17
15 20
15 21
15 36
15 38
15 42
15 55
15 64
15 67
15 68
15 71
15 75
15 79
15 82
15 87
15 90
15 91
15 93
15 97
16 17
16 24
16 27
16 34
16 37
16 40
16 51
16 52
16 58
16 59
16 61
16 63
16 67
16 74
16 76
16 78
16 82
16 86
16 100
17 21
17 25
17 28
17 30
17 34
17 40
17 56
17 58
17 63
17 68
17 71
17 80
17 81
17 87
17 90
17 94
17 95
17 99
17 100
18 19
18 23
18 28
18 30
18 32
18 33
18 36
18 40
18 42
18 46
18 50
18 51
18 55
18 56
18 65
18 67
18 70
18 85
18 89
18 90
18 97
18 98
19 24
19 30
19 34
19 38
19 40
19 43
19 47
19 51
19 52
19 54
19 59
19 60
19 62
19 69
19 77
19 84
19 85
19 93
19 96
19 100
20 22
20 24
20 25
20 27
20 28
20 29
20 35
20 39
20 40
20 42
20 44
20 46
20 54
20 56
20 58
20 66
20 71
20 97
20 99
21 24
21 27
21 29
21 38
21 42
21 51
21 53
21 58
21 59
21 63
21 64
21 67
21 69
21 71
21 74
21 77
21 78
21 81
21 89
21 92
22 40
22 41
22 62
22 67
22 75
22 84
22 86
22 91
22 92
22 94
23 27
23 44
23 51
23 58
23 59
23 62
23 67
23 73
23 91
23 100
24 25
24 31
24 47
24 53
24 56
24 58
24 63
24 65
24 66
25 26
25 28
25 34
25 42
25 44
25 57
25 58
25 59
25 61
25 63
25 68
25 73
25 86
25 87
25 89
25 91
25 94
25 97
26 27
26 34
26 42
26 43
26 53
26 60
26 65
26 66
26 70
26 80
26 81
26 83
26 84
26 94
27 28
27 38
27 40
27 44
27 50
27 57
27 62
27 72
27 73
27 81
27 82
27 86
27 88
27 90
27 92
27 93
27 95
28 36
28 38
28 54
28 60
28 63
28 80
28 93
28 97
28 100
29 33
29 37
29 39
29 42
29 44
29 45
29 46
29 51
29 55
29 56
29 60
29 70
29 73
29 85
29 87
29 89
29 91
30 34
30 35
30 41
30 44
30 45
30 47
30 49
30 51
30 69
30 70
30 74
30 83
30 85
30 89
30 92
30 95
31 32
31 43
31 44
31 45
31 48
31 54
31 57
31 59
31 62
31 63
31 64
31 65
31 68
31 76
31 96
31 97
32 33
32 34
32 41
32 49
32 55
32 56
32 59
32 63
32 68
32 70
32 73
32 78
32 95
33 55
33 56
33 58
33 59
33 60
33 61
33 62
33 74
33 79
33 81
33 86
33 88
33 89
33 92
33 94
33 96
34 39
34 51
34 54
34 55
34 56
34 59
34 61
34 66
34 86
34 97
35 36
35 43
35 45
35 56
35 58
35 67
35 69
35 71
35 78
35 95
36 37
36 46
36 47
36 50
36 51
36 61
36 71
36 77
36 78
36 96
36 97
36 98
36 99
37 39
37 40
37 44
37 45
37 46
37 48
37 56
37 68
37 70
37 76
37 78
37 83
37 89
37 98
37 99
38 39
38 49
38 53
38 58
38 66
38 71
38 75
38 79
38 85
38 86
38 92
38 94
38 97
38 99
39 44
39 56
39 64
39 68
39 70
39 71
39 73
39 82
39 92
40 44
40 51
40 52
40 54
40 57
40 58
40 64
40 70
40 81
40 91
40 95
40 96
41 43
41 52
41 53
41 54
41 57
41 61
41 82
41 84
41 85
41 90
41 91
41 92
41 99
42 51
42 56
42 73
42 75
42 88
42 95
43 46
43 48
43 51
43 59
43 70
43 71
43 80
43 81
43 84
43 85
43 87
43 88
43 89
43 93
43 94
44 46
44 50
44 63
44 65
44 71
44 73
44 84
44 87
44 88
44 90
44 91
44 96
44 98
44 99
45 48
45 54
45 60
45 62
45 65
45 66
45 69
45 77
45 79
45 81
45 83
45 84
45 89
45 94
45 95
45 97
45 99
46 51
46 59
46 64
46 65
46 66
46 67
46 71
46 81
46 83
46 96
46 97
46 100
47 52
47 57
47 58
47 65
47 75
47 81
47 83
47 94
47 97
48 69
48 70
48 83
48 87
49 51
49 55
49 56
49 57
49 58
49 60
49 84
49 87
49 88
49 90
49 91
49 99
49 100
50 53
50 57
50 68
50 95
50 96
51 52
51 53
51 72
51 88
51 91
51 95
51 97
51 99
52 57
52 62
52 64
52 67
52 70
52 71
52 74
52 80
52 82
52 83
52 86
52 89
52 91
52 97
53 55
53 71
53 75
53 76
53 83
53 91
53 94
53 97
54 57
54 58
54 60
54 69
54 71
54 76
54 78
54 79
54 85
54 89
54 93
54 100
55 59
55 64
55 65
55 70
55 80
55 86
55 93
55 98
56 67
56 79
56 81
56 87
56 90
56 91
56 97
57 61
57 63
57 71
57 81
57 86
57 87
57 88
57 95
57 100
58 60
58 68
58 69
58 71
58 78
58 91
58 98
59 64
59 74
59 78
59 93
59 99
60 61
60 66
60 90
60 97
60 100
61 67
61 75
61 80
61 89
61 90
61 91
62 68
62 71
62 81
62 88
62 91
62 93
62 94
62 97
63 65
63 78
63 87
63 89
63 92
63 95
63 99
64 73
64 83
64 84
64 95
65 66
65 68
65 84
65 86
65 91
65 94
65 98
65 100
66 70
66 71
66 74
66 75
66 76
66 92
66 95
66 96
66 99
67 71
67 76
67 77
67 81
67 85
68 70
68 78
68 80
68 85
68 90
68 96
68 97
69 76
69 78
69 81
69 88
69 94
70 73
70 80
70 85
70 87
70 94
70 98
71 81
71 91
71 98
71 99
72 85
72 92
72 100
73 75
73 88
73 92
73 96
73 100
74 84
74 96
74 97
75 80
75 94
75 97
75 99
76 78
76 84
76 98
76 99
77 79
77 80
77 87
77 93
77 97
78 80
78 83
78 84
78 91
78 100
79 84
79 86
80 81
80 84
80 92
80 96
80 97
81 88
81 93
81 96
81 98
81 99
82 83
82 87
82 88
82 94
82 99
83 84
83 89
83 99
83 100
84 89
84 99
85 86
85 93
85 97
86 92
86 94
86 98
86 99
87 93
87 94
87 95
88 99
89 92
89 98
90 98
91 97
93 96
93 97
93 99
94 99
95 96
95 98
96 98
97 98
98 99
98 100
0 0
61 35
19 69
51 98
23 51
30 78
16 52
81 38
87 71
96 16
48 27
48 26
77 37
23 25
36 91
5 28
71 45
78 58
83 99
68 69
60 21
89 37
13 89
8 90
21 43
32 44
49 70
86 94
86 29
10 60
64 66
91 63
75 75
47 56
67 40
1 51
57 52
44 88
82 70
15 86
29 23
98 42
94 79
83 95
59 48
47 88
46 1
53 59
95 46
49 87
20 95
99 54
99 82
93 92
92 65
56 51
97 98
55 39
44 89
36 40
76 21
62 69
28 71
90 10
23 52
38 100
49 54
11 89
15 17
83 83
50 74
76 86
11 73
55 97
95 31
41 1
83 8
4 84
97 71
28 66
2 53
24 21
28 92
6 69
1 79
1 14
66 25
97 12
19 69
31 21
37 62
64 41
17 62
26 59
11 51
26 75
57 29
99 71
10 39
55 65
81 64
0 0
