30
13 30
7 28
7 21
26 6
9 15
23 18
14 13
19 26
18 20
14 7
13 1
20 10
30 23
11 16
17 29
23 17
15 28
14 5
10 8
17 30
9 21
8 12
14 3
21 28
29 3
7 12
27 7
5 15
17 6
17 27
21 18
8 3
9 2
17 10
27 14
25 17
13 24
17 14
29 9
14 16
26 29
18 29
30 20
3 25
13 11
15 19
13 18
2 26
27 22
18 8
2 12
6 14
2 6
19 24
30 14
5 10
29 19
1 18
2 15
11 22
14 9
5 21
8 22
27 1
7 18
22 23
26 10
11 5
15 7
10 19
20 5
24 1
16 2
4 19
12 15
22 25
1 23
11 4
9 18
28 10
14 8
21 14
29 15
8 16
23 20
3 5
20 14
22 2
17 28
28 2
23 16
9 22
18 26
4 16
28 12
28 9
21 17
22 14
30 9
20 28
5 28
12 4
22 12
23 11
7 8
13 23
27 16
12 11
15 25
21 16
23 6
25 12
24 18
19 23
19 5
16 24
3 7
17 4
30 19
28 14
16 18
21 13
18 6
29 13
30 22
25 21
17 19
21 23
24 29
1 6
15 27
11 1
1 4
25 13
27 6
20 9
6 11
5 9
27 24
12 9
25 2
17 2
29 4
28 24
20 2
4 18
29 21
8 21
4 7
28 13
23 27
25 28
25 30
3 4
23 29
16 12
29 6
15 4
13 26
20 24
27 2
8 28
3 19
9 17
25 4
20 8
2 29
14 15
9 27
20 12
20 13
23 24
10 25
9 19
25 5
19 11
12 24
30 5
21 22
25 9
20 21
28 11
24 8
18 14
14 11
18 5
25 23
24 5
24 7
14 4
17 20
9 13
17 15
10 6
30 18
10 16
10 24
16 28
7 5
7 30
0 0
15 24
21 21
27 15
1 23
13 30
19 17
12 1
23 15
7 2
20 6
13 20
5 28
0 0
