20
5 7
11 19
8 13
9 12
3 5
4 6
18 13
3 4
1 4
6 5
19 9
7 14
17 5
5 14
10 2
14 1
18 4
9 8
3 20
11 6
9 15
17 14
17 18
5 18
15 2
14 11
3 9
15 18
2 6
7 6
6 1
3 11
18 14
20 18
3 6
16 15
10 17
19 15
12 10
9 7
5 2
17 19
15 1
16 8
17 2
17 9
6 15
6 14
8 17
9 1
0 0
4 19
9 7
19 6
15 7
6 12
2 5
18 16
7 6
6 2
15 16
9 12
17 14
12 6
4 5
15 8
15 17
14 7
10 13
16 8
3 14
11 18
2 17
1 2
12 19
10 11
13 17
8 11
20 17
15 11
18 6
11 9
15 20
13 6
16 3
20 7
14 6
13 19
2 17
14 16
10 5
4 17
1 12
15 1
12 20
2 9
11 2
19 16
6 9
14 8
14 2
19 4
11 14
7 8
14 15
19 11
16 13
4 19
16 19
13 2
11 9
16 13
17 12
9 6
12 11
5 13
18 11
13 7
18 7
19 8
18 20
4 8
3 13
19 6
11 16
18 3
6 10
3 5
1 12
12 17
9 10
6 3
15 14
13 5
10 9
7 11
4 8
7 19
16 16
15 3
19 9
7 20
19 10
1 9
5 3
9 15
5 18
16 17
1 13
12 9
6 10
0 0
